21³ 11111 1111111111111,

6111111111611116, 11. 4, 6111111 1111116614
6111111111111111111-16,11,1. 1111111111111661111 u
61111111111111111 11,1,11. 1111111111111113111 6611111
fflwmmm‚n.dm‚r 11ω111,6υ.’
societatem 11111111.16.(16,),ι11 111111161111111111111, 16,(111,
6161116111 111, 16 (16,) 6. ’111111111111111111111,311.(11,1,1.
661616116111. iiiit'uzu ,161616
(61161111111111116,16,1,13.1111111111111116,31.
61161111111111111111111131, 163,.(161, pr. 1111111 et 1111131.1(3111111111111111111
suaet 61111111 111 16. 31111 4. 111111.
(61611111111111,16,1631. (1·11111111111111111111116 11,)111
611161111111111113163(16,),4,’1111111 1111111111 11131111 111,
(subscriptiones 1113111111, 16, 6,). 11. (16,) 1.
(611111111111111111,113113.(1111111 veru et 16, 11, 11.).
611111111111111111113,16,1.
611 autem 1111111 111, 31, ³. (Valde 1111111 11111111 l, ³,1..)
6111111111111111111113111,16,1. 6111111161 1111111 11, 316, 6
611 autem 11111611 111, 1, 8. (6111111 adversus 18, 6, 131,.)
61111111111111111113316 16,1.6111611111111111341.
6111111111111111111163 6,31. 61161111111111,31436,
611111116116111111136,311.6111111111116316,1
summamque oue 1111616111.1111111111111111,11111111,
611111111111111111 11111, 16, 1. vetrariae 111, 16.3(,16,1 11,
6111111111 narrati 11111131.611111111111111116,6,16.
smmuwffluwwurfflmmwmwmnsm
6111111111111111111111116,6,4,(6111111111 111611111111, 636)
6111111111111, 16, 11. 6111111111111111,11.
61111 (111111111311111111116, 16, 11. 6111111111 at 111113 11, 'tm
611111161111111111111116, 63 66. 111111111113311, 1,3.143(16..1
(6111111111, 6,1116 16, 131. (Unde 111111 61111311113111116, 1, 6..)
Suu 11111, 11 311111111111111111116, 11,,1 6111111 1111 1111111 11,]113.
61111111131111161111111111636,111. (1111111111 rebus 11, 63 6.)
6111111111,116111111111361. 616111111111111111111111(16.,)1
6111111113111111611116,311,111,(1111111111111,11,63,.1
611111111111111111,1,111. · (6111111111111311111, 16, 111,.)
61111611611113,111. (611111111111111111111311..)
611111111111113111316,16, (61111,111111111616,63,6.13.
611111111111111311131111166,(61611111111,16,11.1,
611111111111111111,16,’6. 6111116111111311111311,1,6.
(61111111111111 11, 3,1 163.)
1111111111111111111111,111,11.111111111111111111111111,41
6111111111111111111,3,1631. 6111111111111111111,1,)11
11111111111111116,13616161.(611111111111111116,131,6..1
611111611111116, 163 ’1. (Ut 1111 privignam, 16, 3..6)
Tertio 1111111111,36,63 (6111111 11111 16, 6, 663) ·
(6111111131) 11111113,11 16, 4.). (111111,1111111,61.111.1,11
6111111111) 11111131,131),111. (111111111111111131111,11136..)
6111111111111111111,11,111 (111111131111,1,16.3).
(1111111111111111111111ο113, tr, ³..) (Ut hocius 113,)136.)
6111111111111111116111111636.(1111111111111111,Ρ11111111,3.6.1.
6111111111,61116161111316,(611116611111,16,111..1
(611111611111116,1..1 (6111111111111111616,1.1,
’11111111 1111111113,111 16. (66.1, 111,(1111111313111111 6111131111 36. 11
61111111111111, 16, 111. (tJt utrumque Pronum ,61111
'transferri quoque 11, 11, 1. vulgo 1111111111 111, 6,1.(6.)

 

