206

1111111111111110,9, 16.
Ceterum 1111116111 111 111, 9,1.
(1111111111 1111111111 11, ’,9 11,.)
(6111111111111,11,141.
civilia (11111111 11111411111191.
110111111111111111111111111119419.
11011111111111111195,11,
6111111111111111111119619919.
0111111111111111111,190914.
(011111111111.19,11.1.
commutationes quoque iV, 6, 88.
61111111111111111111, 14.
0111611111111,1111111116 (16..) 8.
6111111111 omnin 11194. (911, 6
11111111111111, 491991 111.
· 111111111111111, 9119.
0111111 1111111119, 9.
constituitur autemid, 4, 9.
0111111111111 11, 8, t.
(0111111 quoque 111, 6, 9.).
1 111111111119111 11111111.19.(191 8.
61111111111111111,9,1.
01101111111111141,14, (16,) 4,
(01111111111111,6,1.).
(01111111111111,114,9.,1
(611111111111411, 9, 9,).
61111111111111, 1141,
cnm 1111111 11111411 141, 99 (941 8.
cnm 1111111 11111111 11, 4, 4.
0111111111 1111111111 1,1 8
0111111111 1111111111111111,194
cum 111111 1111114111, 4, 4.
01111111111111 19,1,
cum 111111 1111111111111114.
teum 111111 quaeritur, quantum

. 111,,..741

01111111110111999.
(0111111111111111,9,14..1
(cunt 111111 11111114,99,11,,1
(011111111111 (4, 40..)
(61111111 11111111196,16,1.
01111111111111, 6, 4,

(cum et eunom 14, 11,.)
(111110111111111, 14,9,.1
cnm 1111111111 11, t, 941.
0111111111111114, 1, 11,
,011114111111116
011111111111111111, 9(..101,4 (9.1.
cum 111111 111111111111190,4.
01111111111111, 1, 99.
(61111111111119,6.1,
(0111111111 6. 94
011111111111 111, 9, (10.1, 4. (8..)
01111111 1119111111. t). 8.
611111111111111,19190196.
(cum 11111111.114111111,9,4.1.
(1111111111111111,4,11,41
(Cum sit 11111111 1,96,19.1.
0111111111111111,1,19,
curare 11111111 111, 6, 69.

innox nnuuunffiuuonuoi

611111111111111,9,11.
11111111111111,911,1.
0111111111 4111,
011111111196, 1.

Datur 1111111 11111 11191919
11111111111119614.
1411111101111111, 6, 9.
(0111111111111114,95,111,1
111 11111611110111111141111, 8, 8.
1111111 1111111 11, 9, 8.

141 ine 1111 1114 96, (96.1, 9,
11111111111111 11, 6.
11111011111116,9.

111 1111111111 147, 6, 9.
11111111111111411, 99, 6.
(11111111 1,1’,1111111111 19, 6,).
(0111111111111111, 94, 9.).
14111111111111111111,41,19.
111111111111111111111199,
(1111111111111 eutem 11,4,11.1.
(011111111111111114,1.1
(111111111111111,16,(111,
Duorum 1111111, 10, 4.

916111111101,1,19.

ite-dent interven'iun’t 111, 17, 6.
91011111111,6,4.
11161111110141111, 14,9,(4..1
91111111 ratione 11111111 Ι11,4,9,
1111111111111,1ο,1.

(11111 1111 111111411111111,19,11.1
9111111111111111110.(11.1,1.
9111111111 111. 1111111111 111, 16, 1.
(11111 uterumqueiv, 6, 8.)
9011116111111111111,6, 14.

(91, 1,11111111 19,4.1,

(Ei 1111,1(1111 1,1161.
9111,1141111111,1,9 5.

= (Eius 11111 1111111111, 10, 8).

91111111111111111 11141,’9.
611111111111 liberos 41, 19, 8.

9111111111 venditio 111, 99144111 ’

9111111 tam 1111 111, 99. (94.1, 4.
(111111111111111,96,191
(111 1111111111, 4, 914

Eodem numero nunt 11, 9, 9.
(911111111111,14,111,.1
(911101111111116,9.1
111111111111,19,(11’11,11,
1111111 exiii, 19. (19.1, i.
11111111111111, 4, 4.
911111111111111110,1.
91111111161111 11,99,6
11111111111111,1,1.1
(91111111110111111, 1, 90..)
Est 1111111 11111111, 46,(11.
(91111111 1111111, 14,11.,1
1211111111 11111 ii, i, 9.
(1111111111111111119,1.,1
911 autent 14411111, 19,1

 

