215 11111 11111111111111.

1111111 111111 111, 661661 6. 6111111111111111 111, 6616111.
11111 111111 11 iV, 6,6. Mandatum contrahitur 111, 66.
1111111111111 111, 16. (66,), 14. (61.) 11.
111111111ι1111111111,1,46 611161111111116111111166..(61)16
111111111111111111111166,11. 611111111111 suscipere 111, 66.
111111111111111111, 66, ’16. (61.) 11.
(111111111111111111 i, 6661. 61111111111111111111111,66166),1
Item 11111111,11,1.’(11111111111111111,6,11.).
11111111111116,1.6111111111111,111,1’.
1111111111, 66, 5. ¹ 61111111116111111111111111, 6611.
item 1111111111 111,16.(66.,) 16. (6111111111111111161111 semim
11111)11111111111,16. 1,16,11.).
lium vuloini, 6, ’6. 61111111 11111111, 16, 6.
11611111111111111,18.(16.),1. (611111111111111,11’,1.).
111111111111, 11,-11. 611111111111111, 161.
1111111111 11, 16, 6.). 61111111111111 11111, 16, 1.
luris 1111111111 i, 6. (11111111111ιί”111,’,111..)
111111111111111,1,’1.6111ι11111111111116111,16,6.
11111111111111111111111,16,11..1 Minor 1111161111111111 1,16,6;
111111111111111, 6, 1. 611111111111111, 11, 4.
111111111111111111, 6, 6.). 611111161111111, 6, 16.
’111 auium 111111161166. 61111111111111,6,1.
ius 6111111111, 6. (16.),’ 11. 611111 eruo 111, 1, ’11.
1111111111111,6,11. 161111111111111111, 1, 11..)
(1111111111, 1611.) Mortis causali, 7, i.’
1111111111111, 6, 6. 6111111 autom 1'11,i,o (1..)
111111 111111 1, 16, 11. 6111111 1111111111 111, 61. (66 ),
111111111111,1,11. (611111111111111,1,6..)

Multis 1111111, 5,' 1.
(11(1111111111 1111111111, 6, 6..) (Multis 11111111, 6, 6.)
61111111111111, 66, 61. (6111111111111111 61, 11..)
111111111111111111,16,11.61111111111111Ι,19(66.1.),
111111111111111,66,1.
6111611111, 1, 11. (Nam 6111111111, 8, 6..)
Lex 1111.11ι6.111,6,11. (Nam 11111111, 16, 6..)
1111111, 11111, 6, 1. 6111111161111111,8, 1.
(11111111 peculatus 1V, 16, 6..) (6111111111111111116, 1.).
Liberi 111111 111, 6, 6. (6,). (Nom 1111111111, 4, 6.).
111111111111111, 166 (611111111111111, 1, 6..)
Liberis 1111111111, 9,’(6..) (11111111111,11,9..)
6161111111111,11’1,11.(61111111111111116111161.
(111111111111111111111111166 66) (Ν111111111111,16..)
616111111111111111111,666.16111111(1111,66,6.1.
116111111611. (Ν111111111111111116,6.)
111111111111111, 6, 6. (611111 111111 11, 16, 3..)
11161111111111111611..) (6111111ι111,16,11.).
116111111111111,6ἐ,11.(Ν1111111ιν1111111,6,6..1
6161111111, 6, 11. (6111111111 11111436..)
11111 111111’ deminui, 6, i. (6111· uio 111111, 6, 11.)
1611111111 11111, 11,6. (Ν111111111111111,6, 6..)
(611111111111111111,1616..) (Nom 1111161111, 16, ’11)
Licet 111111 1111161,’6,’1. (6111 11111111, ’16,11).
(611111111111111111,’;16 16). (Nam 1111111116, 66 6)
111111111111111,1,66. (6111111611 1’11,1’11.).
111111111111111 (,6. 1611111111111,11,11)
6111111111 111, 16. (1’6.), 6. (611111111111, 6, 1.).
111111111111, 6616116 (Namque 11111111, 61,·11).
1111111111111111111111 ,6’4.(66).,11 Namque si oui lV, 6, 4.
(111111111111, 1, 6.). (611111111111 si, 6, 6.).
1.111111111111,66,61(61111161161111,6,1.1.

 

