11111111 111111111111111.

86111111οαί1 16 8
811111111111,’10,16.
(811111111111111110, 1...)
ΜΜωωΜΗΗ64.
(8111111111 1111111111, 7, 6..)
(811 restari 11111111 11, ii, 11..)
(811 111 nenos 11, 10 0..)

811 veteres 10, 8, ’0.

(Sed 11111111111111101111,4,1.).
8611111111111 10, 1.
8111111111111, 6,6.
8111111111111111011111 1 3, 5.
811011118111111111, 0,(10),.7,.(6)
Sequensiiivisio' 111 quatuor 111, 16.
8111110111111 111111111111.10,16,1,
81111111111111111110,6,16.
8111111111111111,1,11.
(811111111111, uti. 10, 11.).
81111111,1111110,16,111.
81111111,11111111111111110,16,)11.
(8111111111111110, 6. 7..)
8111111111,1111,6, 4.

Servi 1111111111 en’L 0, 6.
Servis 111111111110,’4,6.
811111111111111,1, 1.
8111111111,6,0.
(811111111101111111,14,)11..)
8111111111111111, 1’4, 3.
8111181111111 10111111 11,14, 1.
18111111 1111111111111114, 1)
8111111111111 11111111111111, 16, 4.
811111111111111111111, 17. (18,) 6.
servus ex perarma 111, 17. (18.),111.
81111111111111111Ι,14,6.

Sexto gradnlii, 6, 6.

81 abhorruistis! 11, 6.
81111111011111111017,6
811111111111110,”11.

(Si 1111111111110111111111,7, 4..)
81111111111111110,4,’.’4
fflwmmn,w,3.
81111111111111, 10,)11.

(811111 Aelius 10, 6, 1..)
(8111111111106,1..)

(sicut ilie 111111111116,10..)
81 11 1111111111, 10. (10.), 16
81 1111111111 11, 1,17.
mmmmmssws
(8111111111116,[11.).

81 ergo milesii r'i, 1.

81 ex piurimis 1'11, 4, 4,

81 familiae ercino. 10, 17, 4.
811111111111111110,6,1.

81 11111111 1ο1111111111110,17, 6.
81 1111111111 nari 111, 10 (10,) 17,
81 generaliter 11, 10, 33.
(811111111111111 111011).

81 grex regatus 11, ν10, 18.

81 igitur iussu 10, 7, 1.

216

81 impossibilis iii, 10. (10), 11.
81111111111111111, 11, 6.
811111111111111111111110,11.(11),6.
81111111111111116,1.1

81 minus in intentione Ρ10, 6, 64.
(8111111111 1111111, 6, 1.).
8111111111 11111111, 1, nr. ·
81 peculium reginum 11, 3⁰, 3⁰.
81 piures 1111111111111,14,11.
81111111111111111111110,106.
811111111111111111111111,00.(1’1.),1.
8111111111111111111 111, 11, 6.
(Siquid aurem 111, 10, 6.)

81 quis 1111111 10 6, 66,
81111111111111, 10110), 4.

81 1111 1111111 10 6, 66.

81 quis 11111111 iii, 1’3. (10.), 6
8111111111111110,11,

81 quintanori 11111111 11 1, 66.
81111111111111111111,16,10.
81111111111111111111.1’11,10(11 ),6
81 quis 11111111 1111111101, 16, 7.

, ,81111111111111 ii, 3⁰, 16.

81 1118111111111, 14, 6
8111111111 1111111111, ’i, 64.

81 quis 11 1111111171, 3⁰, 33.

(81 11111111111111111111111,0,6..1
(81 11111 ita 1111111111111, 16,1.).
8111111111111111110,’11.’“

81 quis tutori, 16, 0.

81 quis velit vicino 11, 3, 4.

81 quis 11111 aliqua 11, 16, 0. -

8111111111111110,11.

81 1181116111 il, 60, 6
Siresregata11.3⁰, 16.

81 scrinium 111111111,10.(10.,) 17.
81 servum alienum 11, 16, 4.
8111111111111111 10, 8, 6.
81111111111111111111,16
81 1111111111111111111111,1,61.
81111111111111111, 18, 4,
(8111111 1111111111,4,’,ῃ1).
(sivero 11111 13, 6).

- (sivero 1111011011, 11, 11).

811,1111)1110 1,. .(14..)
(81111111111101,1,).
(81111111111110,11.),
sivero reus 10, 11, ii.
(8111111111111,14,6.).
(8111111111111,16, 16).

81 uxori, 10, 0.

811 111116116111111111611
8111111 1111111, 11. 6,

Similiter 1111111, 16, 8.
(sinautem 11111111, 8, 1..)
(811111111111111,14, 1..)
811111111111111111111110,11,6.
(8111111111 1111111110, 18,8.’.)
81111111111111111,16,6.

(sin 1111111 1111111111111,16,1.).

 

